127.0.0.1/sarmicrosystems_advantage/material_send/		http://localhost/phpmyadmin/index.php?route=/table/search&db=sarmicrosystems_advantage&table=user

   Showing rows 0 - 151 (152 total, Query took 0.0323 seconds.)


select id from material_send a where a.isDelivered=0 and a.portal='clarity' and a.atmid in (select atmid from projectinstallation where status=1 and isDone=1) ORDER BY `id` DESC;


id   	
1900	
1899	
1898	
1897	
1896	
1895	
1894	
1893	
1892	
1891	
1890	
1889	
1888	
1887	
1886	
1885	
1850	
1847	
1846	
1843	
1837	
1836	
1834	
1831	
1826	
1825	
1819	
1818	
1817	
1816	
1814	
1809	
1805	
1803	
1798	
1794	
1792	
1789	
1787	
1779	
1778	
1776	
1771	
1770	
1696	
1695	
1694	
1693	
1692	
1691	
1690	
1689	
1688	
1687	
1686	
1685	
1683	
1682	
1679	
1678	
1677	
1676	
1675	
1674	
1673	
1672	
1671	
1670	
1669	
1668	
1667	
1666	
1665	
1664	
1663	
1662	
1661	
1660	
1659	
1658	
1657	
1656	
1568	
1567	
1564	
1563	
1562	
1561	
1560	
1557	
1553	
1552	
1551	
1550	
1548	
1545	
1543	
1541	
1538	
1537	

1536	
1535	
1533	
1532	
1530	
1529	
1528	
1527	
1526	
1524	
1522	
1521	
1519	
1517	
1516	
1515	
1512	
1511	
1510	
1508	
1506	
1505	
1504	
1502	
1500	
1495	
1494	
1493	
1492	
1491	
1488	
1487	
1483	
1482	
1480	
1477	
1476	
1475	
1474	
1471	
1470	
1467	
1466	
1462	
1460	
1458	
1455	
1454	
1451	
1448	
1446	
1444	
